1691074802,3.6,39759,85
1691078401,7.8,48782,125
1691082001,1.2,58385,33
1691085602,0,64695,7
1691089202,0,56294,11
1691092802,0,41660,8
1691096402,0,53154,13
1691100002,0,41760,4
1691103602,0,41660,8
1691107202,0,41760,4
1691110802,0,41642,10
1691114402,0,41760,4
1691118002,0,74121,15
1691121601,0.6,41624,44
1691125201,0,41760,4
1691128801,0,41670,8
1691132401,0,41680,8
1691136002,0,56308,11
1691139602,0,39104,5
1691146801,0,41680,8
1691150402,0,54331,13
1691154002,0.6,34514,33
1691157602,0,41800,4
1691161202,0,41800,4
1691164802,0,41800,4
1691168401,0,56320,11
1691172001,0,41800,4
1691175601,0,41800,4
1691179201,0,64713,14
1691182801,0,60264,8
1691186401,0,41800,4
1691190001,0,41680,8
1691193601,0,41800,4
1691197201,0,41723,6
1691200802,0,41680,8
1691204401,0,41680,8
1691208002,0.6,45398,43
1691211602,0,41800,4
1691215201,0,41800,4
1691218801,0,41800,4
1691222401,0,56378,11
1691229601,0,68453,6
1691233201,0,41877,9
1691236801,0,41800,4
1691240401,0,41800,4
1691244001,0.6,34471,33
1691247601,0,56401,11
1691251201,0,41680,8
1691254802,0,41800,4
1691258402,0,74115,10
1691262002,0,64814,14
1691265602,0,56401,11
1691269201,0,40196,9
1691272801,0,62204,8
1691276402,0,41800,4
1691280001,0,41800,4
1691283601,0,41658,10
1691287201,0,41680,8
1691290802,0,41680,8
1691294401,0.6,45078,47
1691298001,0,41800,4
1691301601,0,56401,11
1691305201,0,56401,11
1691308802,0,41800,4
1691312401,0,39104,5
1691319601,0,41800,4
1691323202,0,41800,4
1691326801,0.6,39681,40
1691330401,0,41800,4
1691334001,0,41680,8
1691337601,0,41680,8
1691341202,0,41680,8
1691344802,0,41800,4
1691348401,0,69005,12
1691352002,0,56401,11
1691355602,0,40196,9
1691359201,0,41680,8
1691362801,0,41800,4
1691366402,0,41800,4
1691370001,0,41723,6
1691373601,0,41680,8
1691377202,0,41800,4
1691380801,0.6,41636,40
1691384401,0,41800,4
1691388002,0,55323,12
1691391601,0,56335,11
1691398801,0,40196,9
1691402402,0,62204,8
1691406002,0,41800,4
1691409602,7.8,52458,92
1691413201,3.6,46421,80
1691416801,0,41680,8
1691420402,0,41680,8
1691424002,0,41800,4
1691427601,0,41800,4
1691431201,0,56413,11
1691434802,0,64901,7
1691438401,0,74141,10
1691442002,0,39104,5
1691445601,0,64919,7
1691449201,0,41800,4
1691452801,0,62252,8
1691456401,0,54149,13
1691460002,0,41800,4
1691463601,0,41800,4
1691467201,0.6,41628,44
1691470801,0,41800,4
1691474401,0,41800,4
1691478002,0,56436,11
1691481602,0,64937,7
1691485202,0,39104,5
1691488802,0,41800,4
1691492401,0,41800,4
1691499601,20.4,52279,286
1691503202,14.4,48298,260
1691506801,0,41800,4
1691510402,0,41680,8
1691514002,0,41680,8
1691517601,0,41800,4
1691521202,0,41680,8
1691524801,0,64962,7
1691528401,0,39104,5
1691532002,0,56452,11
1691535601,0,41800,4
1691539201,0,41680,8
1691542802,0,41723,6
1691546401,1.2,43434,26
1691550001,0,64958,7
1691553601,1.2,44937,52
1691557201,0,41800,4
1691560801,0,41800,4
1691564401,0.6,56464,11
1691571602,0,40196,9
1691575201,0.6,54470,13
1691578802,0,41680,8
1691582402,0,41800,4
1691586002,0,41800,4
1691589601,1.2,35096,49
1691593201,0,41800,4
1691596801,0,41800,4
1691600402,0,41800,4
1691604002,0,41800,4
1691607602,0.6,56464,11
1691611202,0,41680,8
1691614801,0.6,54119,12
1691618401,0,41800,4
1691622001,0,41800,4
1691625602,0,41800,4
1691629202,0.6,68800,12
1691632801,0,41680,8
1691636401,0,41800,4
1691640002,0.6,41629,44
1691643601,0,41680,8
1691647201,0,41800,4
1691650801,0,41680,8
1691654401,0,41800,4
1691658001,0,40196,9
1691661601,0,41800,4
1691668802,0,41800,4
1691672401,0.6,35048,37
1691676001,0,41800,4
1691679601,0,64816,7
1691683202,0,64816,7
1691686801,0,41680,8
1691690401,0,64816,7
1691694001,0,41680,8
1691697601,0.6,56371,11
1691701201,0,39104,5
1691704802,0,41800,4
1691708401,0,64834,7
1691712001,0,41800,4
1691715602,0,41658,10
1691719201,0,41800,4
1691722802,0,41680,8
1691726402,0.6,41636,40
1691730001,0,41680,8
1691733601,0,41680,8
1691737201,0,41680,8
1691740801,0,41800,4
1691744401,0,40196,9
1691748001,0,41680,8
1691751601,0,41800,4
1691758801,0.6,35088,37
1691762401,0,41680,8
1691766002,1.2,53720,22
1691769602,0,41800,4
1691773202,0.6,55307,12
1691776802,0,41680,8
1691780401,0,41680,8
1691784001,0.6,74074,10
1691787602,0,40196,9
1691791202,0,41680,8
1691794801,0,41800,4
1691798401,0,41680,8
1691802001,0.6,54094,13
1691805601,0,41680,8
1691809201,0,64834,7
1691812802,0.6,45070,47
1691816401,0,41680,8
1691820001,0,41680,8
1691823601,0.6,74048,10
1691827202,0,41800,4
1691830801,0,39104,5
1691838001,0,41800,4
1691841601,0,41800,4
1691845201,0.6,35200,37
1691848801,0,41800,4
1691852401,0,41680,8
1691856002,0,64853,7
1691859602,0,62180,8
1691863201,0,41680,8
1691866801,0,41680,8
1691870401,0,56403,11
1691874001,0,39104,5
1691877601,0,41680,8
1691881201,0,41680,8
1691884801,0,41680,8
1691888401,0,41658,10
1691892001,0,41680,8
1691895602,2.4,55309,12
1691899201,0.6,41636,40
1691902801,0,41680,8
1691906401,0,41800,4
1691910002,0,41680,8
1691913602,0,41680,8
1691917201,0,40196,9
1691920801,0,41800,4
1691928002,0,41800,4
1691931601,0.6,34301,33
1691935202,0,41800,4
1691938801,0,41800,4
1691942401,0,41680,8
1691946002,0,41680,8
1691949601,0.6,54401,13
1691953202,0,41800,4
1691956802,0,41680,8
1691960401,0,60286,8
1691964001,0,41800,4
1691967601,0,41680,8
1691971201,0,41800,4
1691974801,0,41723,6
1691978402,0,41800,4
1691982001,0,41800,4
1691985601,0.6,41629,44
1691989202,0.6,56383,11
1691992801,0,41680,8
1691996401,0,41800,4
1692000001,0,41680,8
1692003601,0,39104,5
1692007201,0,41800,4
1692014402,0,41680,8
1692018001,0.6,35009,37
1692021601,0,64853,7
1692025202,0,64853,7
1692028801,0,41680,8
1692032402,0,41800,4
1692036001,0,41800,4
1692039601,0,41800,4
1692043201,0,64853,7
1692046801,0,40196,9
1692050401,0,41800,4
1692054001,0,41680,8
1692057602,0,41680,8
1692061201,0.6,58061,10
1692064801,0,41800,4
1692068402,0,41800,4
1692072002,0.6,41629,44
1692075602,0,41800,4
1692079201,0.6,55309,12
1692082802,0,56383,11
1692090001,0,40196,9
1692093601,0,41800,4
1692097201,0,41800,4
1692100801,0,41680,8
1692104402,0,41680,8
1692108001,0.6,35107,37
1692111601,0,41680,8
1692115201,0,41800,4
1692118801,0,41800,4
1692122402,0,41800,4
1692126002,0,41680,8
1692129602,0.6,64802,14
1692133202,1.2,65059,28
1692136801,0,41800,4
1692140401,0,41680,8
1692144001,0,64866,7
1692147601,0,41658,10
1692151201,0,41680,8
1692154801,0,41800,4
1692158402,0.6,41629,44
1692162001,0,41800,4
1692165601,0.6,56403,11
1692169202,0,41800,4
1692172801,0,41800,4
1692176401,0.6,56955,10
1692183601,0,41680,8
1692187201,0,41680,8
1692190801,0,41680,8
1692194402,0.6,35260,37
1692198002,0,41800,4
1692201601,0,64889,7
1692205202,0,41680,8
1692208801,0,41680,8
1692212401,0,41680,8
1692216002,0,41800,4
1692219602,0,60346,8
1692223201,0,41658,10
1692226801,0,41800,4
1692230402,0,41680,8
1692234002,0,41658,10
1692237602,0,41680,8
1692241201,0,41800,4
1692244801,0.6,41636,40
1692248401,0,41680,8
1692252002,0,41680,8
1692255601,1.2,47418,35
1692259201,0,41680,8
1692262801,0,39104,5
1692266402,0,41800,4
1692270001,0,41800,4
1692273601,0,41680,8
1692280802,0.6,34239,33
